POST: http://localhost:9910/MassDamperArchive/runMassDamperSimulation

JSON Body Input:
{
    "nargout":2,
    "rhs":[10,1,3.4]
}

Expected output:
{
    "lhs": [
        {
            "mwdata": [
                0,
                -0.0070889009604766006,
                -0.013674005025559093,
                -0.019789859905659547,
                -0.025468647345986389,
                -0.030740345149195124,
                -0.03563287810265621,
                -0.040172258570156757,
                -0.044382717455820113,
                -0.0482868261995581,
                -0.051905610418220484,
                -0.05525865576454797,
                -0.058364206536856936,
                -0.061239257535889,
                -0.063899639631262523,
                -0.066360099468295242,
                -0.068634373716468,
                -0.070735258233320358,
                -0.072674672491971667,
                -0.074463719596616337,
                -0.076112742188131077,
                -0.07763137452124079,
                -0.079028590975416618,
                -0.080312751243725652,
                -0.081491642427127642,
                -0.082572518246135068,
                -0.083562135567240778,
                -0.0844667884279991,
                -0.085292339732053718,
                -0.086044250773675432,
                -0.086727608740445813,
                -0.087347152332544309,
                -0.087907295627614582,
                -0.0884121503113536,
                -0.088865546385739458,
                -0.08927105145914993,
                -0.08963198871548457,
                -0.0899514536527526,
                -0.09023232967539431,
                -0.09047730261883262,
                -0.090688874279376316,
                -0.090869375017588835,
                -0.091020975498572,
                -0.091145697628269337,
                -0.0912454247408458,
                -0.091321911088430477,
                -0.091376790680996786,
                -0.091411585520883243,
                -0.0914277132734097,
                -0.091426494412205808,
                -0.091409158875223481,
                -0.091376852264942021,
                -0.0913306416239797,
                -0.091271520815188231,
                -0.091200415533315288,
                -0.09111818797346545,
                -0.091025641179862213,
                -0.090923523096804085,
                -0.090812530342208736,
                -0.090693311722742559,
                -0.090566471508231758,
                -0.090432572481839751,
                -0.090292138781366285,
                -0.090145658545972521,
                -0.089993586381656415,
                -0.089836345657890643,
                -0.089674330646985018,
                -0.089507908516943735,
                -0.08933742118785018,
                -0.089163187061124985,
                -0.088985502630363034,
                -0.088804643981859,
                -0.088620868192375468,
                -0.088434414631190644,
                -0.088245506172980576,
                -0.088054350327641945,
                -0.087861140292743431,
                -0.087666055933904113,
                -0.087469264698034344,
                -0.087270922464036879,
                -0.087071174335250939,
                -0.086870155377628669,
                -0.086667991307360234,
                -0.086464799131409448,
                -0.0862606877441845,
                -0.086055758483347788,
                -0.085850105647562971,
                -0.085643816978785772,
                -0.08543697411152669,
                -0.085229652991347271,
                -0.085021924264697013,
                -0.0848138536420533,
                -0.0846055022361927,
                -0.084396926877296816,
                -0.0841881804064786,
                -0.083979311949207477,
                -0.083770367170009366,
                -0.0835613885097242,
                -0.083352415406515182,
                -0.08314348450174272,
                -0.082934629831739243,
                -0.08272588300645066,
                -0.08251727337584365,
                -0.082308828184916735,
                -0.082100572718095441,
                -0.081892530433738592,
                -0.081684723089432948,
                -0.081477170858706927,
                -0.081269892439751135,
                -0.081062905156692969,
                -0.08085622505393536,
                -0.080649866984034466,
                -0.080443844689558841,
                -0.080238170879342222,
                -0.080032857299513926,
                -0.079827914799664362,
                -0.079623353394478916,
                -0.079419182321150514,
                -0.0792154100928599,
                -0.079012044548592966,
                -0.078809092899545977,
                -0.078606561772352285,
                -0.078404457249348289,
                -0.078202784906081346,
                -0.078001549846248533,
                -0.077800756734242124,
                -0.07760040982546583,
                -0.077400512994574289,
                -0.07720106976177811,
                -0.077002083317347023,
                -0.0768035565444343,
                -0.0766054920403377,
                -0.076407892136303779,
                -0.0762107589159754,
                -0.0760140942325754,
                -0.075817899724912874,
                -0.075622176832292817,
                -0.0754269268084041,
                -0.075232150734255834,
                -0.075037849530227255,
                -0.074844023967291867,
                -0.074650674677472342,
                -0.07445780216357889,
                -0.0742654068082802,
                -0.074073488882552579,
                -0.07388204855354992,
                -0.0736910858919342,
                -0.073500600878703359,
                -0.073310593411551064,
                -0.073121063310790407,
                -0.072932010324871288,
                -0.072743434135519522,
                -0.072555334362523358,
                -0.072367710568191718,
                -0.072180562261506515,
                -0.071993888901990113,
                -0.07180768990330734,
                -0.071621964636620322,
                -0.071436712433712954,
                -0.071251932589900938,
                -0.071067624366741911,
                -0.0708837869945595,
                -0.070700419674793888,
                -0.07051752158219099,
                -0.070335091866841046,
                -0.070153129656077132,
                -0.0699716340562431,
                -0.069790604154339908,
                -0.069610039019558687,
                -0.069429937704708219,
                -0.069250299247544209,
                -0.069071122672006921,
                -0.068892406989373559,
                -0.068714151199331233,
                -0.0685363542909758,
                -0.068359015243741925,
                -0.068182133028268782,
                -0.068005706607206035,
                -0.067829734935964087,
                -0.067654216963412353,
                -0.067479151632529308,
                -0.0673045378810074,
                -0.067130374641816037,
                -0.066956660843725549,
                -0.066783395411794677,
                -0.066610577267824239,
                -0.06643820533077914,
                -0.066266278517181,
                -0.066094795741473422,
                -0.06592375591636164,
                -0.065753157953128472,
                -0.06558300076192812,
                -0.0654132832520593,
                -0.065244004332219219,
                -0.065075162910739587,
                -0.064906757895806036,
                -0.064738788195661923,
                -0.0645712527187978,
                -0.06440415037412725,
                -0.064237480071150321,
                -0.0640712407201052,
                -0.063905431232109011,
                -0.0637400505192885,
                -0.063575097494901228,
                -0.063410571073448066,
                -0.06324647017077735,
                -0.063082793704181572,
                -0.062919540592486833,
                -0.062756709756135773,
                -0.062594300117264273,
                -0.062432310599772438,
                -0.062270740129390274,
                -0.06210958763373832,
                -0.061948852042383692,
                -0.0617885322868918,
                -0.061628627300874032,
                -0.0614691360200317,
                -0.061310057382196512,
                -0.061151390327367786,
                -0.060993133797746638,
                -0.060835286737767384,
                -0.060677848094126269,
                -0.060520816815807808,
                -0.06036419185410883,
                -0.060207972162660404,
                -0.060052156697447824,
                -0.059896744416828712,
                -0.059741734281549476,
                -0.059587125254760134,
                -0.059432916302027669,
                -0.059279106391348028,
                -0.05912569449315682,
                -0.058972679580338833,
                -0.058820060628236435,
                -0.058667836614656951,
                -0.058516006519879087,
                -0.058364569326658435,
                -0.058213524020232173,
                -0.058062869588322984,
                -0.057912605021142254,
                -0.057762729311392612,
                -0.057613241454269833,
                -0.057464140447464181,
                -0.057315425291161196,
                -0.057167094988042004,
                -0.057019148543283139,
                -0.056871584964555959,
                -0.056724403262025658,
                -0.056577602448349876,
                -0.056431181538677,
                -0.056285139550644146,
                -0.0561394755043748,
                -0.055994188422476256,
                -0.055849277330036709,
                -0.055704741254622193,
                -0.055560579226273249,
                -0.055416790277501411,
                -0.055273373443285492,
                -0.055130327761067716,
                -0.054987652270749657,
                -0.054845346014688053,
                -0.054703408037690471,
                -0.054561837387010856,
                -0.054420633112344956,
                -0.054279794265825632,
                -0.05413931990201807,
                -0.053999209077914917,
                -0.053859460852931314,
                -0.053720074288899855,
                -0.053581048450065484,
                -0.053442382403080316,
                -0.053304075216998405,
                -0.053166125963270451,
                -0.053028533715738464,
                -0.052891297550630385,
                -0.052754416546554654,
                -0.052617889784494741,
                -0.052481716347803666,
                -0.052345895322198459,
                -0.052210425795754606,
                -0.052075306858900487,
                -0.051940537604411759,
                -0.051806117127405744,
                -0.0516720445253358,
                -0.051538318897985658,
                -0.051404939347463756,
                -0.0512719049781976,
                -0.051139214896928034,
                -0.051006868212703595,
                -0.050874864036874794,
                -0.050743201483088411,
                -0.050611879667281819,
                -0.050480897707677254,
                -0.050350254724776125,
                -0.05021994984135332,
                -0.050089982182451476,
                -0.0499603508753753,
                -0.049831055049685873,
                -0.049702093837194934,
                -0.049573466371959224,
                -0.049445171790274786,
                -0.049317209230671288,
                -0.049189577833906352,
                -0.0490622767429599,
                -0.04893530510302848,
                -0.048808662061519653,
                -0.048682346768046308,
                -0.048556358374421071,
                -0.048430696034650673,
                -0.048305358904930318,
                -0.048180346143638121,
                -0.048055656911329472,
                -0.0479312903707315,
                -0.047807245686737471,
                -0.047683522026401241,
                -0.047560118558931712,
                -0.047437034455687282,
                -0.047314268890170347,
                -0.047191821038021747,
                -0.047069690077015308,
                -0.046947875187052325,
                -0.0468263755501561,
                -0.046705190350466448,
                -0.046584318774234294,
                -0.046463760009816189,
                -0.0463435132476689,
                -0.046223577680344005,
                -0.046103952502482462,
                -0.045984636910809236,
                -0.045865630104127933,
                -0.045746931283315424,
                -0.045628539651316483,
                -0.045510454413138467,
                -0.045392674775845979,
                -0.045275199948555563,
                -0.045158029142430396,
                -0.04504116157067501,
                -0.044924596448530016,
                -0.044808332993266829,
                -0.044692370424182441,
                -0.044576707962594185,
                -0.04446134483183449,
                -0.0443462802572457,
                -0.044231513466174856,
                -0.044117043687968538,
                -0.044002870153967678,
                -0.043888992097502404,
                -0.043775408753886892,
                -0.043662119360414267,
                -0.043549123156351441,
                -0.043436419382934036,
                -0.043324007283361284,
                -0.043211886102790961,
                -0.043100055088334296,
                -0.042988513489050945,
                -0.04287726055594393,
                -0.04276629554195463,
                -0.042655617701957756,
                -0.042545226292756345,
                -0.042435120573076787,
                -0.04232529980356383,
                -0.042215763246775638,
                -0.042106510167178833,
                -0.041997539831143536,
                -0.041888851506938482,
                -0.04178044446472607,
                -0.041672317976557488,
                -0.041564471316367819,
                -0.041456903759971166,
                -0.041349614585055781,
                -0.041242603071179232,
                -0.041135868499763563,
                -0.041029410154090451,
                -0.040923227319296415,
                -0.040817319282368016,
                -0.040711685332137051,
                -0.0406063247592758,
                -0.040501236856292248,
                -0.040396420917525343,
                -0.040291876239140247,
                -0.040187602119123637,
                -0.040083597857278955,
                -0.039979862755221737,
                -0.039876396116374904,
                -0.0397731972459641,
                -0.039670265451013008,
                -0.039567600040338713,
                -0.039465200324547062,
                -0.039363065616028023,
                -0.039261195228951079,
                -0.039159588479260612,
                -0.039058244684671319,
                -0.038957163164663626,
                -0.038856343240479124,
                -0.038755784235116005,
                -0.038655485473324515,
                -0.038555446281602429,
                -0.038455665988190522,
                -0.038356143923068062,
                -0.038256879417948295,
                -0.038157871806274279
            ],
            "mwsize": [
                401,
                1
            ],
            "mwtype": "double"
        },
        {
            "mwdata": [
                0,
                0.025,
                0.05,
                0.075000000000000011,
                0.1,
                0.125,
                0.15,
                0.175,
                0.19999999999999998,
                0.22499999999999998,
                0.24999999999999997,
                0.27499999999999997,
                0.3,
                0.325,
                0.35000000000000003,
                0.37500000000000006,
                0.40000000000000008,
                0.4250000000000001,
                0.45000000000000012,
                0.47500000000000014,
                0.50000000000000011,
                0.52500000000000013,
                0.55000000000000016,
                0.57500000000000018,
                0.6000000000000002,
                0.62500000000000022,
                0.65000000000000024,
                0.67500000000000027,
                0.70000000000000029,
                0.72500000000000031,
                0.75000000000000033,
                0.77500000000000036,
                0.80000000000000038,
                0.8250000000000004,
                0.85000000000000042,
                0.87500000000000044,
                0.90000000000000047,
                0.92500000000000049,
                0.95000000000000051,
                0.97500000000000053,
                1.0000000000000004,
                1.0250000000000004,
                1.0500000000000003,
                1.0750000000000002,
                1.1,
                1.125,
                1.15,
                1.1749999999999998,
                1.1999999999999997,
                1.2249999999999996,
                1.2499999999999996,
                1.2749999999999995,
                1.2999999999999994,
                1.3249999999999993,
                1.3499999999999992,
                1.3749999999999991,
                1.399999999999999,
                1.4249999999999989,
                1.4499999999999988,
                1.4749999999999988,
                1.4999999999999987,
                1.5249999999999986,
                1.5499999999999985,
                1.5749999999999984,
                1.5999999999999983,
                1.6249999999999982,
                1.6499999999999981,
                1.674999999999998,
                1.699999999999998,
                1.7249999999999979,
                1.7499999999999978,
                1.7749999999999977,
                1.7999999999999976,
                1.8249999999999975,
                1.8499999999999974,
                1.8749999999999973,
                1.8999999999999972,
                1.9249999999999972,
                1.9499999999999971,
                1.974999999999997,
                1.9999999999999969,
                2.0249999999999968,
                2.0499999999999967,
                2.0749999999999966,
                2.0999999999999965,
                2.1249999999999964,
                2.1499999999999964,
                2.1749999999999963,
                2.1999999999999962,
                2.2249999999999961,
                2.249999999999996,
                2.2749999999999959,
                2.2999999999999958,
                2.3249999999999957,
                2.3499999999999956,
                2.3749999999999956,
                2.3999999999999955,
                2.4249999999999954,
                2.4499999999999953,
                2.4749999999999952,
                2.4999999999999951,
                2.524999999999995,
                2.5499999999999949,
                2.5749999999999948,
                2.5999999999999948,
                2.6249999999999947,
                2.6499999999999946,
                2.6749999999999945,
                2.6999999999999944,
                2.7249999999999943,
                2.7499999999999942,
                2.7749999999999941,
                2.799999999999994,
                2.824999999999994,
                2.8499999999999939,
                2.8749999999999938,
                2.8999999999999937,
                2.9249999999999936,
                2.9499999999999935,
                2.9749999999999934,
                2.9999999999999933,
                3.0249999999999932,
                3.0499999999999932,
                3.0749999999999931,
                3.099999999999993,
                3.1249999999999929,
                3.1499999999999928,
                3.1749999999999927,
                3.1999999999999926,
                3.2249999999999925,
                3.2499999999999925,
                3.2749999999999924,
                3.2999999999999923,
                3.3249999999999922,
                3.3499999999999921,
                3.374999999999992,
                3.3999999999999919,
                3.4249999999999918,
                3.4499999999999917,
                3.4749999999999917,
                3.4999999999999916,
                3.5249999999999915,
                3.5499999999999914,
                3.5749999999999913,
                3.5999999999999912,
                3.6249999999999911,
                3.649999999999991,
                3.6749999999999909,
                3.6999999999999909,
                3.7249999999999908,
                3.7499999999999907,
                3.7749999999999906,
                3.7999999999999905,
                3.8249999999999904,
                3.8499999999999903,
                3.8749999999999902,
                3.89999999999999,
                3.92499999999999,
                3.94999999999999,
                3.97499999999999,
                3.99999999999999,
                4.02499999999999,
                4.04999999999999,
                4.07499999999999,
                4.0999999999999908,
                4.1249999999999911,
                4.1499999999999915,
                4.1749999999999918,
                4.1999999999999922,
                4.2249999999999925,
                4.2499999999999929,
                4.2749999999999932,
                4.2999999999999936,
                4.324999999999994,
                4.3499999999999943,
                4.3749999999999947,
                4.399999999999995,
                4.4249999999999954,
                4.4499999999999957,
                4.4749999999999961,
                4.4999999999999964,
                4.5249999999999968,
                4.5499999999999972,
                4.5749999999999975,
                4.5999999999999979,
                4.6249999999999982,
                4.6499999999999986,
                4.6749999999999989,
                4.6999999999999993,
                4.725,
                4.75,
                4.775,
                4.8000000000000007,
                4.8250000000000011,
                4.8500000000000014,
                4.8750000000000018,
                4.9000000000000021,
                4.9250000000000025,
                4.9500000000000028,
                4.9750000000000032,
                5.0000000000000036,
                5.0250000000000039,
                5.0500000000000043,
                5.0750000000000046,
                5.100000000000005,
                5.1250000000000053,
                5.1500000000000057,
                5.175000000000006,
                5.2000000000000064,
                5.2250000000000068,
                5.2500000000000071,
                5.2750000000000075,
                5.3000000000000078,
                5.3250000000000082,
                5.3500000000000085,
                5.3750000000000089,
                5.4000000000000092,
                5.42500000000001,
                5.45000000000001,
                5.47500000000001,
                5.5000000000000107,
                5.525000000000011,
                5.5500000000000114,
                5.5750000000000117,
                5.6000000000000121,
                5.6250000000000124,
                5.6500000000000128,
                5.6750000000000131,
                5.7000000000000135,
                5.7250000000000139,
                5.7500000000000142,
                5.7750000000000146,
                5.8000000000000149,
                5.8250000000000153,
                5.8500000000000156,
                5.875000000000016,
                5.9000000000000163,
                5.9250000000000167,
                5.9500000000000171,
                5.9750000000000174,
                6.0000000000000178,
                6.0250000000000181,
                6.0500000000000185,
                6.0750000000000188,
                6.1000000000000192,
                6.1250000000000195,
                6.15000000000002,
                6.17500000000002,
                6.2000000000000206,
                6.225000000000021,
                6.2500000000000213,
                6.2750000000000217,
                6.300000000000022,
                6.3250000000000224,
                6.3500000000000227,
                6.3750000000000231,
                6.4000000000000234,
                6.4250000000000238,
                6.4500000000000242,
                6.4750000000000245,
                6.5000000000000249,
                6.5250000000000252,
                6.5500000000000256,
                6.5750000000000259,
                6.6000000000000263,
                6.6250000000000266,
                6.650000000000027,
                6.6750000000000274,
                6.7000000000000277,
                6.7250000000000281,
                6.7500000000000284,
                6.7750000000000288,
                6.8000000000000291,
                6.8250000000000295,
                6.85000000000003,
                6.87500000000003,
                6.9000000000000306,
                6.9250000000000309,
                6.9500000000000313,
                6.9750000000000316,
                7.000000000000032,
                7.0250000000000323,
                7.0500000000000327,
                7.075000000000033,
                7.1000000000000334,
                7.1250000000000338,
                7.1500000000000341,
                7.1750000000000345,
                7.2000000000000348,
                7.2250000000000352,
                7.2500000000000355,
                7.2750000000000359,
                7.3000000000000362,
                7.3250000000000366,
                7.3500000000000369,
                7.3750000000000373,
                7.4000000000000377,
                7.425000000000038,
                7.4500000000000384,
                7.4750000000000387,
                7.5000000000000391,
                7.5250000000000394,
                7.55000000000004,
                7.57500000000004,
                7.6000000000000405,
                7.6250000000000409,
                7.6500000000000412,
                7.6750000000000416,
                7.7000000000000419,
                7.7250000000000423,
                7.7500000000000426,
                7.775000000000043,
                7.8000000000000433,
                7.8250000000000437,
                7.8500000000000441,
                7.8750000000000444,
                7.9000000000000448,
                7.9250000000000451,
                7.9500000000000455,
                7.9750000000000458,
                8.0000000000000462,
                8.0250000000000465,
                8.0500000000000469,
                8.0750000000000473,
                8.1000000000000476,
                8.125000000000048,
                8.1500000000000483,
                8.1750000000000487,
                8.200000000000049,
                8.22500000000005,
                8.25000000000005,
                8.27500000000005,
                8.30000000000005,
                8.32500000000005,
                8.3500000000000512,
                8.3750000000000515,
                8.4000000000000519,
                8.4250000000000522,
                8.4500000000000526,
                8.4750000000000529,
                8.5000000000000533,
                8.5250000000000536,
                8.550000000000054,
                8.5750000000000544,
                8.6000000000000547,
                8.6250000000000551,
                8.6500000000000554,
                8.6750000000000558,
                8.7000000000000561,
                8.7250000000000565,
                8.7500000000000568,
                8.7750000000000572,
                8.8000000000000576,
                8.8250000000000579,
                8.8500000000000583,
                8.8750000000000586,
                8.900000000000059,
                8.92500000000006,
                8.95000000000006,
                8.97500000000006,
                9.00000000000006,
                9.02500000000006,
                9.0500000000000611,
                9.0750000000000615,
                9.1000000000000618,
                9.1250000000000622,
                9.1500000000000625,
                9.1750000000000629,
                9.2000000000000632,
                9.2250000000000636,
                9.2500000000000639,
                9.2750000000000643,
                9.3000000000000647,
                9.325000000000065,
                9.3500000000000654,
                9.3750000000000657,
                9.4000000000000661,
                9.4250000000000664,
                9.4500000000000668,
                9.4750000000000671,
                9.5000000000000675,
                9.5250000000000679,
                9.5500000000000682,
                9.5750000000000686,
                9.6000000000000689,
                9.62500000000007,
                9.65000000000007,
                9.67500000000007,
                9.70000000000007,
                9.72500000000007,
                9.7500000000000711,
                9.7750000000000714,
                9.8000000000000718,
                9.8250000000000721,
                9.8500000000000725,
                9.8750000000000728,
                9.9000000000000732,
                9.9250000000000735,
                9.9500000000000739,
                9.9750000000000743,
                10
            ],
            "mwsize": [
                401,
                1
            ],
            "mwtype": "double"
        }
    ]
}